[
[[-10401751,8998791,-4822601], 53367159]
[[-24352762,-35398510,10623616], 96269458]
[[-45280045,8400590,-799390], 84820413]
[[21539351,-45232775,13696539], 62615516]
[[8447247,-55059741,1885159], 91868888]
[[34404852,498164,18476030], 83322680]
[[69531556,21666458,14246606], 62370572]
[[11443982,590672,14008928], 92147748]
[[95331106,111642870,-13626790], 96959710]
[[16384620,44268136,-22141658], 73046301]
[[-51031599,4169575,10392981], 83610540]
[[3768891,50176182,14670435], 54757646]
[[-55766235,6380081,6788072], 89739593]
[[-44349106,-4402008,30792377], 94124600]
[[-65829714,8817431,11025017], 93128775]
[[10109987,65564831,41520025], 87435280]
[[11898862,-56390148,-2459698], 94092498]
[[17355308,-3350986,-41324149], 74461377]
[[9978722,-19728405,2659508], 54231832]
[[-25698046,-13860065,41226543], 95365557]
[[-23150854,17971536,10543323], 53599816]
[[-19169540,5520543,-6612666], 67403317]
[[-19663916,18167763,2081636], 58770782]
[[-6853099,-37411879,1543268], 89863278]
[[-33365614,33242670,13299455], 76329817]
[[-67603219,10006513,14031350], 90706902]
[[36016476,-4581646,34923794], 52501243]
[[117816711,-3081416,102516228], 78888939]
[[-36852139,1150804,14714011], 68128860]
[[-12697890,7841314,-1000458], 52998537]
[[869883,22350636,-38461016], 82963205]
[[-7367781,-33526018,-8970557], 97005903]
[[-9674226,-7363295,-8038617], 72218138]
[[30128052,7982784,-19402977], 51088221]
[[28195926,7832517,18134894], 76016691]
[[-7011947,8621773,-10310619], 55842448]
[[30432207,10648390,-28629297], 57953000]
[[-2846482,-59175550,20189506], 96792677]
[[-46655207,-5815308,7432054], 92179949]
[[-15216550,16527062,2415830], 52348536]
[[-29520875,8120302,-15707193], 84249448]
[[-17568365,-5365329,24279896], 61794499]
[[-2921242,35946027,4430054], 57458101]
[[7052630,10977958,15140266], 89121563]
[[-17145003,2429625,-23008704], 84865585]
[[178075469,-30017704,29226284], 82973558]
[[-14568266,3894782,-21237560], 79052613]
[[2833893,33462861,-21819186], 75468995]
[[-19171403,6854277,5782557], 53676564]
[[-18591533,-16490089,14134229], 68088883]
[[7315261,-25244245,10613862], 54456958]
[[-25139972,6068635,6244399], 59968420]
[[-59213470,-2362640,12877110], 95840595]
[[-17868846,18541312,25697982], 52568570]
[[-59378650,22464704,10679917], 94184204]
[[51008914,-319562,25365965], 53673712]
[[16462814,5982339,-50780801], 75477230]
[[-3621564,-30490624,-13853396], 95107111]
[[-7996732,34559655,-7518929], 73096345]
[[17261965,10383286,3421856], 62092815]
[[-48827357,-11427006,12407344], 94988593]
[[-3721365,-7879768,-4744065], 63486855]
[[-44152789,-5923928,6360524], 90857683]
[[-9546550,9527543,11713869], 55968123]
[[17450071,-3951853,13217139], 86305625]
[[-37973690,10445203,12677341], 61992640]
[[16458020,46563435,-5815727], 58941898]
[[-62027926,-665301,15163398], 94671398]
[[10799698,-41834901,26874368], 72490586]
[[-25287396,6784880,379882], 65264123]
[[8521091,-9171956,-12516807], 60309771]
[[7660600,80642775,-115746017], 77083985]
[[-13356703,-19495077,20417538], 67850271]
[[-31619262,5157481,8356728], 65247044]
[[-9268410,42874981,-8030468], 83194588]
[[59514369,-2676754,22430507], 61601017]
[[-31765612,-29785056,21178515], 97310261]
[[56213244,-23744873,6942042], 82556011]
[[-53495472,9334419,7392412], 83910121]
[[3648093,-66928114,14865509], 95556316]
[[49817659,68480841,9324531], 94393078]
[[61199829,27798148,12521910], 61895572]
[[-5662797,-6419787,41472700], 68136315]
[[-22060007,2959455,-694976], 66937008]
[[-9739646,-9999486,-12193767], 79074538]
[[-31010817,-8578278,2767008], 83963805]
[[-55161782,8423422,723345], 93156653]
[[-25011854,6756954,13973438], 51423369]
[[-30181545,7714991,8780853], 60827466]
[[13095276,8791488,25786976], 96929879]
[[-26380284,8832490,22233991], 54362694]
[[47887458,-45268025,6541344], 96154004]
[[-30746010,4720760,-18019139], 91185885]
[[25543445,-45138532,6451479], 73770567]
[[5057386,1300811,-12144227], 52927523]
[[39165155,-45464319,3334726], 90834633]
[[32921543,-38134577,-3981109], 84577101]
[[-13554454,-13982046,34194419], 76311822]
[[-157654108,-27552432,10334008], 66652295]
[[24735603,-33021603,4807371], 62489739]
[[28370999,23300808,9095362], 77658560]
[[-51066706,10817069,-722804], 88114139]
[[32821675,14486583,-50261187], 82988631]
[[-39773336,31778255,4428556], 90143873]
[[-4527510,37683970,-13295886], 78528308]
[[2986884,-5423211,-14393711], 63971529]
[[-59222057,7772345,4371598], 94219615]
[[-16481013,27057302,21210696], 55209340]
[[-46185009,20826385,10178632], 79853589]
[[1964992,-23255178,22725905], 58597220]
[[-11847966,-22826533,-4626759], 86442891]
[[-4415084,422143,-19189918], 70324917]
[[-229998,-4893129,-2649443], 54914524]
[[32527568,-17334826,-6680270], 66082565]
[[67908660,676236,875233], 75897116]
[[-49436970,3268372,-1313506], 94623788]
[[-31395435,9328145,14317449], 54891454]
[[25200213,34618526,-51005298], 96243192]
[[-17529418,71019,5673674], 58926242]
[[-35203937,-11806180,1093698], 93057921]
[[40200764,14055448,-37317393], 76992897]
[[86390448,9333042,11542103], 75055181]
[[8812053,-22941066,48385434], 77095387]
[[-33027808,14116228,8762821], 61402118]
[[-15182820,-12820360,1973544], 73171518]
[[-25108241,13614723,-9076079], 70819941]
[[-12649876,28022200,41111932], 72244157]
[[-41984324,-2104354,13857768], 77372389]
[[46852593,39930416,11650365], 60551791]
[[9304830,-47346906,-4733498], 89917114]
[[-33691632,10460326,17622811], 55435020]
[[97420835,6118045,6608323], 94234509]
[[13501110,-19683792,-882693], 54206956]
[[95685265,-5678606,18229109], 96572266]
[[-23188036,7690471,24193087], 54271647]
[[-38375256,24481461,6008647], 79868890]
[[17293560,37555512,-20831687], 64114566]
[[-6890644,620692,-1887637], 55299116]
[[14409606,-9653699,12668093], 88919331]
[[-14722500,-17232089,-15371191], 94467371]
[[67622763,10868515,7242492], 59051640]
[[-60247288,-107763955,11871861], 88516925]
[[-44077763,6007397,21866357], 74517933]
[[6470565,-41959,-43016542], 83729514]
[[-5292174,-28492058,21323288], 69688525]
[[14363376,-451864,-36316261], 69546259]
[[-14388037,-6537802,4902776], 63164589]
[[-54169036,7410232,13699480], 80200898]
[[-21438806,2499561,488376], 65592369]
[[90572871,9044108,17897215], 76405266]
[[46398920,-10152204,-19384069], 85475266]
[[-14290066,34909192,-11155291], 83375293]
[[-11741608,-33549277,-3510866], 95943494]
[[-14842758,-5351899,14933312], 52403221]
[[-53108303,3403752,-368625], 97215564]
[[57166223,13864343,-34487633], 90937367]
[[-54660918,15810462,1793627], 91698552]
[[-54283288,6388718,5709803], 89326296]
[[-45021612,17033553,-3278879], 88354865]
[[-20971208,-6409677,12240780], 62281610]
[[65291020,23241742,349518], 73602395]
[[14964756,57941948,26128200], 59565559]
[[12914721,7066575,60219983], 54819741]
[[-24365388,2324458,11455349], 57727066]
[[-12390178,-15056283,-3873173], 78461128]
[[52493999,40599643,4813352], 73699455]
[[-37218611,4826985,7044094], 72489091]
[[6933088,-16317528,27734366], 51699701]
[[-23204420,-8517760,36555267], 82858360]
[[-35894799,-6754077,9517205], 80273331]
[[20315779,-18835048,-1737215], 50427946]
[[44669715,5852513,-4629431], 52986497]
[[-37867388,-3522798,13991500], 74540459]
[[915407,24196754,-9216555], 55518709]
[[14996609,-66304994,6400596], 92049482]
[[559071,-6542902,-10503036], 63628506]
[[7213162,-13309523,32983593], 53660880]
[[-9225390,59069266,8352619], 82962939]
[[-3222274,-17374316,21337779], 56515619]
[[-26079662,37691989,12896793], 73895604]
[[-21690577,1086734,-27324622], 95069945]
[[-14347009,-13122435,13003138], 61607970]
[[-35418423,-4813569,7388681], 79985287]
[[8824714,10470955,20516419], 95624958]
[[1141745,53859540,-16481761], 92220289]
[[-1984093,-24690575,42703785], 83959366]
[[-4827150,9806476,15244104], 97127502]
[[29675991,-27657821,38476358], 72789542]
[[57842623,10092243,-13069909], 70360199]
[[-2346757,30421214,-3400563], 59189378]
[[-34173426,7597572,997689], 72720024]
[[-91886510,-77077331,12913213], 50955413]
[[-31765767,1750245,54588874], 99185677]
[[11657503,3456527,-32168477], 64195930]
[[21533239,-31227646,-3849485], 66150272]
[[-38738656,-433366,15060074], 71253601]
[[-12028207,-189356,-9814196], 69173452]
[[32270921,-23529226,-3929792], 69269832]
[[6940991,15326862,-43662150], 75068795]
[[13574985,23189250,71309450], 71383860]
[[-30619268,10564366,28974201], 63610059]
[[63019607,-22913616,12682289], 82790791]
[[-4084096,-6743556,4465442], 53503763]
[[68222199,-21506750,4413626], 94855261]
[[33009642,-58148250,31076655], 99213818]
[[15813972,4363966,-37288582], 64252124]
[[12188661,-13369678,-20894725], 69217272]
[[-34137443,4869645,13851482], 62557876]
[[-14068742,26381447,-9179731], 72650683]
[[-12485991,-9624522,4272078], 64980204]
[[-25706561,3351803,206503], 69289988]
[[32694969,-41051801,-1113396], 84400168]
[[-18623314,2417118,9095343], 54252448]
[[-18376169,7999428,-13606136], 71124876]
[[34810194,2142078,13512982], 94417629]
[[-26707840,-20308522,-4958416], 99116286]
[[-20907066,7318669,59678481], 87847809]
[[1134439,-18446171,6489642], 57963572]
[[-27385753,21068009,23865232], 62779630]
[[16764619,4694240,-63395829], 89078465]
[[-14807411,-24406706,3821020], 82534766]
[[-57053452,2158187,11300769], 90736070]
[[-10253751,5201634,-20565604], 72759364]
[[-22960141,23525381,-22594184], 92100580]
[[92254178,21136040,7920518], 90889379]
[[-18525455,6765135,24403759], 50744990]
[[-43825498,6105786,11690081], 73171383]
[[-61681715,4054929,13482863], 91285429]
[[13461572,-1346344,-25786976], 60813556]
[[5288468,74102613,10880213], 80954700]
[[15114313,5614032,-43747223], 70160413]
[[-4687209,-11974339,12134836], 51668382]
[[-40584540,-5200407,924219], 92002228]
[[54421900,-34818023,2539831], 96240190]
[[-8048897,-6485649,-20331345], 82007707]
[[9677169,-7551838,-45055729], 90071958]
[[-43447095,456100,9912472], 80220154]
[[-42762536,2913145,11337896], 75653153]
[[-20284919,-9678327,11920722], 65184010]
[[159526168,-3640366,-45253849], 73100020]
[[-40612982,4614328,14216361], 68924016]
[[-5553051,6829057,11324877], 69055540]
[[-7427549,-20625863,-20638156], 95833112]
[[-31862358,-4349464,7988998], 75364332]
[[-12565344,2862551,-16995215], 73839756]
[[34142683,10372861,14614032], 53588131]
[[-20993362,14397380,7033472], 51378128]
[[-26925727,-27917129,9635068], 92349417]
[[-63503660,-69793888,-20478496], 69760734]
[[-26587020,23065525,594832], 72078594]
[[-1358735,7075764,-21963458], 63388092]
[[64188050,-4504843,10464427], 67768338]
[[-6454021,17238266,-6561444], 53274666]
[[-24118977,4072290,19375639], 54003239]
[[-40307667,8770144,12910477], 65768525]
[[41309918,-15522003,13158622], 53213378]
[[9633441,9059062,102239763], 98128257]
[[-58444242,-2458554,19074520], 94558311]
[[-11093335,4056286,-10038033], 64216829]
[[-52689624,-5653643,18760698], 91684937]
[[-7944625,13702008,-22595222], 67262584]
[[-33417620,9252929,-24839411], 96145581]
[[31093505,37032818,-32046158], 85591696]
[[-4074071,8520494,-52800193], 95495555]
[[8634160,-15328290,32241865], 53516891]
[[-7355653,-44621741,12598779], 86520212]
[[36404295,16637992,-18853476], 57314997]
[[14969896,45816,-4483064], 84138133]
[[8383563,-32951770,-2945167], 74654856]
[[-7637028,-2869069,-26863341], 84511256]
[[-8085367,-49090324,14474492], 89842730]
[[14827928,-31145925,-4641670], 68101177]
[[-7579449,56361238,1385549], 85575947]
[[-43042728,5012326,14947022], 70224862]
[[-17212015,141082,-9392400], 73604854]
[[6021518,9690900,8194266], 75641628]
[[13472037,-454437,-18216068], 52340148]
[[-695970,20516705,-30277858], 74511567]
[[360380,8796189,12388079], 52576546]
[[-21029188,31540166,1848063], 73742031]
[[2234399,9808606,48591520], 51129410]
[[492494,-10518645,2111252], 55056808]
[[-14363363,-17387736,-15271529], 94164141]
[[-2244539,-22772333,-2908410], 75067067]
[[-24412814,19156929,13943921], 52646811]
[[-61819233,10901973,4242355], 93816566]
[[39630659,8643041,50240349], 58207253]
[[-23198751,9500480,9177802], 51661956]
[[-54031577,2480345,8923023], 89769729]
[[1904265,17155334,-26057548], 64329349]
[[-67386161,9305521,13692569], 91529639]
[[-25850817,-12785349,13807690], 71969958]
[[-5355541,-17486605,34469925], 71892994]
[[6592566,-10659681,-851207], 52059816]
[[9007379,-5447920,20648334], 54900427]
[[-21724271,-18285604,12302547], 74848888]
[[-13704510,2113136,8231596], 50501809]
[[-14508632,-458689,10856815], 51251988]
[[4942979,3076315,23214495], 81656812]
[[-9183965,44207133,2237305], 74174560]
[[-37331261,10506725,11530281], 62435874]
[[12812560,4355503,-28876193], 58849815]
[[-45630248,18815203,9999876], 77466440]
[[6128989,-43207615,8324179], 75895939]
[[26944757,6700754,70397062], 67620389]
[[54827604,-25335425,3331606], 86371648]
[[27699142,51783043,58728098], 91068855]
[[24307029,16466924,34939593], 77266719]
[[1514912,45432359,-7319226], 74257458]
[[-47615395,21477273,32921158], 92474208]
[[-31577312,24602926,-6854215], 86055230]
[[65376710,31700745,9708417], 72788144]
[[10206091,-63367947,9664866], 90638470]
[[-54564809,4734884,3108245], 93863414]
[[-45916764,19139828,41032369], 96549118]
[[-34051008,2672564,19211069], 65170451]
[[-7581585,28216880,-30662763], 89481992]
[[15322411,51464976,3820240], 55343165]
[[236780,3589032,23710935], 69562947]
[[83292066,10525907,10612654], 71693615]
[[-9885206,-7995807,-25659209], 90681921]
[[16789457,-12228259,45513369], 55533093]
[[-29724060,18331994,26903223], 65419525]
[[-38254175,-16753968,18709424], 88298704]
[[-38066993,5744130,11868935], 67595582]
[[-48562655,9831510,5893386], 79979607]
[[13463471,32315037,67757832], 77069573]
[[50440689,-2082815,22923693], 52426521]
[[-15982666,13264421,-3323838], 55591665]
[[-36408051,4404016,35670814], 82255845]
[[-6653775,8840368,-4798424], 49753485]
[[-3087196,-32222761,45191026], 95082109]
[[41126642,-16271561,-3647796], 70585862]
[[15092632,-2505355,54579481], 56573195]
[[13233569,-29991230,11285024], 52614166]
[[8107573,6164508,-24253203], 57122880]
[[10860755,-12129546,-18111331], 66521606]
[[-9251970,-11845764,10649995], 57589252]
[[8602358,74456689,4608311], 84266749]
[[22091761,-38111096,11348101], 58394810]
[[15008371,-49424441,-15080539], 96638099]
[[31308668,-21075366,32689886], 62053199]
[[36537895,58990613,-16255209], 97202862]
[[-52195825,4430182,9270111], 85637108]
[[44013893,-2527642,-39775978], 95857396]
[[31671904,-16792333,-14162679], 72166842]
[[-40073673,-1672854,10959721], 77928352]
[[16683932,29635929,-58471847], 94445013]
[[-5230004,-51951522,9491801], 94831511]
[[-21390752,-21597828,9692439], 80437654]
[[-22890412,-28489821,26668004], 92629386]
[[27657370,13813870,14272249], 56887894]
[[79189136,35801265,6856728], 93553190]
[[11859766,8867411,25866201], 52169507]
[[-56708274,26225882,13971222], 91983709]
[[-121399,14430463,-33056500], 70629099]
[[-33941582,-15975941,20486592], 84985231]
[[16842600,6496326,-29120468], 52923083]
[[38933860,-28618120,5726642], 71365493]
[[-40463587,25733195,3743622], 85473907]
[[5174561,-6183560,-27667855], 75818381]
[[-4020164,-7139965,-32516965], 90818611]
[[10443776,-4450434,8218748], 55180108]
[[94722594,13942953,9763264], 84322003]
[[-12646165,3615762,-24875346], 81047245]
[[-8683297,-48814845,13657532], 90982226]
[[-15193073,6663911,-9936872], 65607876]
[[539294,-5335401,38537556], 57914615]
[[-58483069,8938084,24744485], 88870437]
[[-6323405,-55230073,13650816], 95044160]
[[14112128,5124669,13926915], 72206719]
[[-36797483,-4130291,6862707], 81206812]
[[11930589,-24254492,-7361847], 66827308]
[[1972579,-24965721,54789595], 92363645]
[[-5075054,65706661,2149551], 91652981]
[[-17453026,-2139855,828389], 65906220]
[[-9476580,-10144186,5803818], 60958700]
[[34971828,5475047,-59456964], 98493782]
[[5922522,-46928859,25353828], 80941092]
[[15658499,1528393,3507222], 92852050]
[[-15621908,10964852,-1242588], 53041242]
[[12338010,-19793424,-10798484], 65395420]
[[-15877497,-19140513,8943159], 73216433]
[[31972759,-21622151,-9211198], 72345978]
[[-32702298,-1873548,-4233304], 85950630]
[[-17478785,-12924451,6085592], 71459168]
[[-29888478,125972606,-36571998], 57559975]
[[11237706,56482626,-24113645], 92379412]
[[156317,2176511,-24082791], 68891442]
[[-40833426,-2127917,9045580], 81057252]
[[-7138650,-40652766,3855287], 91077652]
[[67498842,-12133461,14121449], 75050774]
[[-24739507,1543689,-24780779], 95118092]
[[-1860777,-4380823,-30018703], 83401808]
[[-36742434,14992010,-5189533], 79944716]
[[-29510652,6870068,-17497842], 87280018]
[[3561198,-7711829,35267645], 53999233]
[[-14046281,9686042,-10689515], 62191235]
[[45728469,27533322,-21083062], 79764341]
[[-56643536,-5644439,14654648], 94774866]
[[-23441033,2019037,26223171], 62226062]
[[-11151886,52882633,2415924], 84639471]
[[-12948790,-5408333,5367869], 60130760]
[[-13091526,-2055284,-1389316], 63677675]
[[-34991977,6272774,14160139], 61700543]
[[-7884660,-2777428,7644427], 50159454]
[[-36039243,-1836104,-10911185], 95928365]
[[-3093664,22117337,-50939707], 99171499]
[[-36596781,8522613,-769128], 75984810]
[[-22812228,-3457136,-8107854], 81518949]
[[21764552,-13897881,-44446993], 89649450]
[[-20399517,5243148,-23673363], 85971253]
[[84192908,14543101,38338223], 89932859]
[[11379438,1746206,-42522622], 76538608]
[[-34165177,24523061,4701898], 77007090]
[[5712113,-452175,78548568], 87869945]
[[57200620,21732713,32603324], 64395219]
[[-452834,-42641436,12976944], 77258840]
[[16660013,-26104176,-18302116], 74888006]
[[-2664897,6531527,-30307270], 73582141]
[[97223695,25941997,14719274], 93865526]
[[68992213,-1602404,7782301], 72352232]
[[12068134,-19401679,48185132], 70099588]
[[-1137310,-16626658,55455316], 87800763]
[[-20235379,24216617,13882084], 53590642]
[[16728138,-36918367,-269887], 67601680]
[[-45869850,-1273505,1850554], 92434387]
[[-15760391,-1970805,9753900], 55119156]
[[32038938,70103015,4925351], 82635908]
[[4059752,-42669356,13962847], 71788295]
[[184203935,-14641393,-3644182], 82115810]
[[-65130666,14734570,27043621], 97369003]
[[-29113909,34393168,24592989], 78560213]
[[11133397,-3559542,-24703243], 64271276]
[[17086592,66365195,8272629], 64027321]
[[-57259517,-81545346,-20103619], 75458068]
[[-29481778,1481116,6207280], 68935019]
[[-60946638,10835927,14845584], 82406946]
[[-34621594,290372,-8514317], 89987025]
[[76787922,28898737,4291723], 86814367]
[[-31033927,-4342061,-3445556], 85963045]
[[64755040,25490251,-6985302], 82649936]
[[68071137,7173825,-18639841], 89077142]
[[11670750,543415,-25209253], 60136614]
[[111790858,9857214,20151486], 99064649]
[[4508,-21702399,-26490728], 95330103]
[[-44520416,18127226,12632236], 73036159]
[[11186265,23433818,-20646938], 55915543]
[[12574202,-33643369,10360716], 57850278]
[[-41905363,-6600065,7353915], 88293368]
[[-6649040,-7045010,-14167185], 75002742]
[[-37507209,4002384,10403440], 70243109]
[[-18044486,-1843294,29847693], 64316468]
[[54362052,26150144,6974150], 58957208]
[[-29313356,10871328,-8132612], 73716151]
[[-34164686,-11518148,11631478], 81192848]
[[57051758,3034765,-1951693], 65509028]
[[-40061909,10611566,7715615], 68876212]
[[-15256256,-6160790,974594], 67584172]
[[-4747299,-6446157,691718], 57643218]
[[-44660473,4174418,-181077], 87809113]
[[-12299232,-8825397,-2509531], 70775681]
[[-3420735,165917,49865466], 67701214]
[[-11383257,-27818791,28740524], 82523493]
[[-36459003,-3785101,17678257], 72503384]
[[-2084200,-18362296,-17486467], 85074453]
[[-18711514,-13583242,33955056], 80831168]
[[67137720,10006645,-2201208], 68872151]
[[-5294397,209343,-11336324], 63563037]
[[-15224862,6267817,-2434886], 58533412]
[[14706386,-36330390,-28012766], 96778267]
[[-2446501,-16469380,-33310549], 99368087]
[[-28148111,11001973,-1044251], 65331869]
[[-27938524,22073079,2998567], 70033769]
[[-16758105,-2859472,14365304], 52393753]
[[50939457,17511280,-6321160], 60191032]
[[-755114,-16485808,48253320], 80075322]
[[-2426493,31585880,1327649], 55705542]
[[-32767302,14216283,-8730636], 78734979]
[[-16212735,5339523,-15860203], 73874924]
[[59972556,1387030,-18400629], 86526197]
[[-20077199,3613465,5079346], 58525922]
[[11234815,4581024,-62914116], 94240233]
[[26763404,-2203184,-39658794], 78165248]
[[11706906,-32952689,4678416], 63708850]
[[-32331595,-1969013,-15016288], 96458445]
[[-12514863,15649881,-37365886], 88551782]
[[-29251005,8438271,2118191], 65836203]
[[-34920662,7019379,-20606032], 95648794]
[[5432632,-42820507,36753622], 88722431]
[[-31874987,-20639969,14987890], 84668643]
[[8698188,9603043,-68864695], 97704984]
[[-7209626,14222255,-7004002], 51456649]
[[-12466563,10338030,-2513726], 51783765]
[[16683917,-28069473,-312597], 58839653]
[[4147333,-17612366,-32374558], 92981189]
[[-28575520,2241885,-8445607], 81920725]
[[-22959867,19548633,11622769], 53906622]
[[-10778152,39859726,-798200], 74456812]
[[-2389401,6145377,13077359], 65937777]
[[-27168322,4401580,1086673], 68821612]
[[-65065294,15734993,13511835], 90309516]
[[24136786,8838346,-48257362], 73095911]
[[8466811,-27860453,351283], 66183849]
[[12253,7851891,12810184], 92357278]
[[21692648,-61502813,-5063831], 97799204]
[[13603442,-4035708,-19364550], 56938361]
[[-25283488,-1612980,-23471992], 97510017]
[[9476541,51535385,58072018], 90591399]
[[-45723203,10572138,3802875], 78489770]
[[10885734,-44917355,37064245], 85676788]
[[53892748,-5926375,3402373], 65956978]
[[-44127259,9775829,7344643], 74148339]
[[-45348553,17820777,28974750], 82604226]
[[-11419445,-9089246,12460011], 55190246]
[[-25401217,-1531912,-2928272], 77002898]
[[53925723,-9325187,4861393], 67929469]
[[23645725,-1997380,14660229], 68986735]
[[-1080280,823521,-6759183], 54157516]
[[-32759418,879079,14363267], 64658586]
[[-26909477,2172146,6193378], 65685623]
[[-43797,43304509,-3840204], 70209419]
[[-4042201,-4581129,-813814], 56578687]
[[41001086,-58527757,20770743], 97279455]
[[-196086407,15869596,11372434], 82395203]
[[92328231,10439607,35357635], 94225577]
[[1687368,-60296147,13112002], 92638847]
[[-37404746,16036886,32266423], 76168313]
[[82589258,9589219,-15599148], 98139103]
[[-35022714,13991427,11584901], 60450295]
[[32579816,9701646,95073239], 94930680]
[[67272911,7850698,15038011], 53924191]
[[60291609,-27850172,22225935], 87347241]
[[-41989538,10726181,-14765253], 93170497]
[[6826887,19794342,14592060], 78571823]
[[-44384895,8583940,32762019], 83143927]
[[-11697288,-1248096,46520488], 74046907]
[[93480686,6133169,6656600], 90230940]
[[22188781,-15774653,-37582233], 85085609]
[[93952403,-3857116,11117889], 96231614]
[[-45289189,5122321,-2323988], 89632571]
[[5351023,31018089,-38377163], 87065090]
[[52317793,-3311216,-10929779], 76098801]
[[4590898,16247208,-34544987], 69222111]
[[-28123437,-18010654,-2975298], 96250879]
[[-22510917,-21920593,31987631], 91000189]
[[59941397,-821611,14200791], 56102133]
[[5931885,15541678,-2785752], 90570382]
[[17741039,-16171238,-17528202], 63100086]
[[-37886888,-25962173,13149607], 97841080]
[[34217738,63104083,12663741], 70077255]
[[-22317219,16965711,36258499], 66001707]
[[-29719055,36007181,4122797], 84624469]
[[9808217,-18265196,37590380], 60628254]
[[91989738,2131518,4532522], 94865681]
[[68517214,481821,6242953], 71332355]
[[-53724780,-6522904,13869173], 93520352]
[[-41335220,-12318125,3763406], 97031440]
[[14970240,28192818,-44674409], 80917754]
[[36958125,-17062394,39964026], 70963822]
[[33859686,-8669829,-14836429], 66905864]
[[10006578,10507030,-64240065], 90868038]
[[4290637,-20055252,-32493552], 95399888]
[[5204225,52496645,15284691], 55028505]
[[-11889635,-13489602,1611861], 70909002]
[[-33565833,7445179,-9006587], 82268750]
[[-16257903,-13849004,5760575], 71487837]
[[72351929,-14243883,31600583], 95175796]
[[9023677,16261854,14214721], 84440676]
[[42949373,-753755,-27729062], 80972183]
[[-47262069,-119210676,13262802], 53908344]
[[-26676434,4943660,49948150], 86261886]
[[6244855,31031740,-6148780], 53956598]
[[70534226,-19614256,14039086], 85649265]
[[5687561,-33278655,-13647911], 88380581]
[[-2496129,6198530,-15055803], 58494888]
[[-22052983,9983787,2816644], 56394037]
[[60221902,5216993,2505366], 62039426]
[[233215,1252665,18156379], 92030682]
[[16608948,-29700867,-35541201], 95774826]
[[17527623,1764520,-56390289], 84239626]
[[-6133215,-17964847,5823201], 65416418]
[[76068239,-14184234,18392839], 85624658]
[[-23394172,-2607271,7865256], 65277784]
[[8891632,16546243,8566012], 92480471]
[[90823349,-3272701,14399951], 89236207]
[[-11380102,10573356,-17642162], 65590403]
[[-57691400,2570613,12909366], 89352927]
[[5153910,-13642355,-18560430], 74190363]
[[-13403316,34223698,39932187], 78019474]
[[-6967530,5211272,-46230306], 95128141]
[[11918864,-7431105,-52168628], 94822428]
[[8582720,-15998496,3575999], 50981355]
[[-20356720,-14000830,19834314], 68772790]
[[-25844878,10664862,11743352], 50578237]
[[-11344750,-19771185,47900635], 93597843]
[[-2455947,15656509,19197651], 49932859]
[[12920048,-19178935,-19500240], 72900611]
[[-50314753,2522788,11781530], 83151926]
[[27294258,73325699,-11101246], 97140355]
[[-37756638,7509006,-4690655], 82080050]
[[-20588680,24692495,-11758397], 80060641]
[[3455365,10039267,-28543396], 62190334]
[[-8755646,-2478460,4020371], 54355256]
[[-63597320,-3608823,17512462], 99299535]
[[15714269,-16244990,-8214617], 55886919]
[[15301912,-37315610,3223952], 65931420]
[[-16477873,-2995263,-652809], 67267479]
[[-1658453,-18451190,14453196], 52797926]
[[-48208122,7850493,-7802207], 95301522]
[[-34958641,18584760,2164259], 74400258]
[[-47803,-16600106,7317893], 56471601]
[[15666329,-34988205,7662238], 58801300]
[[-10788393,6908258,-30056028], 81077693]
[[6783939,-23015880,37917100], 68730091]
[[9976930,4469752,-43074184], 75769670]
[[-60230601,8633685,27040485], 93218425]
[[-9140246,-876870,-28594955], 85753555]
[[64049887,-39810659,14808812], 98592038]
[[7697317,-2414629,-37061744], 78921094]
[[-31057155,7027533,-12214145], 83385358]
[[-23663455,-29856089,1729325], 98931850]
[[-25752114,41487642,12044336], 78216197]
[[12241728,19226904,13499599], 76320048]
[[9493011,-18919244,-19499526], 76067313]
[[36979028,-20481607,61381975], 95821882]
[[-37188882,2864403,-16706645], 98172638]
[[8913731,-40105644,-124104075], 98658849]
[[-159634327,-11076351,4151297], 92374156]
[[-31994575,2457505,11663647], 65015082]
[[-65489612,1848244,21168921], 99391187]
[[8498576,10613814,18182637], 52053482]
[[1957791,-24073822,-1839130], 71096754]
[[15019111,-51522088,3155356], 80489106]
[[-15227290,-6286866,1833402], 66822235]
[[-40757573,-17822117,8819747], 96901423]
[[6062940,-37037420,11428257], 66687835]
[[-40380103,10880693,14999704], 61641220]
[[-3945100,3212747,-31527060], 79400898]
[[-49123802,5146803,11011174], 80107491]
[[-18180088,-15638234,12380299], 68579502]
[[-13463684,28469227,-9052008], 74005648]
[[-12262828,-12738168,14850077], 57292428]
[[8611609,46829302,-7522898], 68761534]
[[11825135,-8218612,-49599482], 93134440]
[[10095193,-16318188,2431522], 50933219]
[[61623918,1362275,34892578], 72133600]
[[-37755129,2724738,13037332], 69134690]
[[-4395442,6934251,-5799282], 50402142]
[[59164145,1366773,-25812415], 93150288]
[[-41195652,19174230,14753507], 68637127]
[[-18765243,21680491,13253592], 50213409]
[[15560877,-46377640,-4787416], 82745939]
[[-11565506,-21640908,22087890], 69875266]
[[-18548394,1359719,-11576080], 75906439]
[[-10455553,-6142321,-24385371], 88124802]
[[-57341456,6247867,-793290], 99028388]
[[-27575359,9645796,28973346], 61483860]
[[13350427,8384918,12573236], 96695477]
[[14887532,-38910744,11409029], 59755896]
[[-33920453,8961241,9560461], 62540308]
[[16007419,-18126679,60420252], 77120513]
[[12752650,-37601422,-7660632], 79650888]
[[-64463987,5762498,13922363], 91920606]
[[-40534406,9572356,12504594], 65598969]
[[-27287317,-5308857,986393], 78751394]
[[53280842,-2495884,8060581], 57256110]
[[-9818265,-24869829,-4782059], 86611670]
[[95480496,7590695,2347364], 95082321]
[[7524995,-61370007,12637852], 88349372]
[[-21898297,27520393,10527976], 61911480]
[[15477603,-6609764,-14874273], 53148064]
[[15165314,-5491918,-25669159], 63137259]
[[-2427178,-16572517,13998419], 52143020]
[[-19246649,9112292,5329801], 51946035]
[[-48799158,-10229976,14748468], 91422247]
[[-29355099,-4964693,7636187], 73825214]
[[-28959521,8967417,6102713], 61030877]
[[-24498882,7885138,-11237630], 74992881]
[[14457458,63434737,33472286], 72909713]
[[74405036,6633881,22495066], 67245492]
[[14823157,-30676861,6892530], 56102768]
[[1705010,-19528613,14550898], 50414196]
[[-12271588,64093799,20346932], 87172486]
[[4640685,2325843,-23028095], 63203081]
[[12019008,-40711871,23341316], 66615291]
[[-35101300,34097684,36228738], 95887885]
[[-17119672,-36924471,24824406], 93449504]
[[-13083199,3226053,54068493], 78506538]
[[-8793129,36172911,9651282], 58335510]
[[-46773364,9400896,9020328], 75493696]
[[-48844022,2118509,21522333], 82828764]
[[-1314994,5882118,-11306489], 53880850]
[[-1286559,-3819917,-13788069], 66036034]
[[-18015608,-12144462,-11839278], 89140909]
[[8470858,-24275652,5492016], 57454296]
[[-28969081,3127464,1152733], 71830427]
[[5626127,11029810,-24092404], 54577955]
[[-38518726,-9658093,14121786], 81196564]
[[63369710,-14470200,-2007615], 89387475]
[[11177966,-22802524,-9034901], 67801047]
[[93729227,7559448,7864898], 87844757]
[[-3626317,-4912832,-14481957], 70162686]
[[-42660368,-506611,3813394], 86495091]
[[-32534521,2808863,-10076296], 86943635]
[[4146251,-25257688,-18592108], 86845060]
[[9911347,-7797749,-17563486], 62591518]
[[-19275461,-3428791,-24241324], 94087093]
[[-60858671,4325711,-103689085], 95544943]
[[65891151,7561797,13927540], 53941673]
[[27952752,-8204334,-6405780], 52102993]
[[-33091880,18291593,-9879369], 84283599]
[[52595105,15909020,-9136137], 63059539]
[[65006470,17226111,12407779], 55243915]
[[-43306117,9308044,-9332350], 90471907]
[[9271248,-30901276,9403387], 59368207]
[[-42164398,3267036,636930], 85402376]
[[-28788296,-23126629,30107851], 96603671]
[[-27766296,-11686002,-2608840], 89202931]
[[7740341,9984081,-1549429], 66049635]
[[-13505131,6198089,-33805549], 88254183]
[[-15389122,-3655125,17478203], 51103529]
[[75663508,4804665,15226913], 65171964]
[[-26050954,-8827864,4807013], 77213415]
[[-4516722,-9927269,11303338], 50282283]
[[4878652,25425128,-6323204], 49890456]
[[34330540,-10582310,3938745], 50513966]
[[-37446404,15500538,14739212], 61228472]
[[-64558464,5346128,20228404], 94021708]
[[-5372991,8261934,-47370235], 91623194]
[[79407364,-28372947,133565498], 68954038]
[[-5952551,35943646,1467485], 63449692]
[[-30520712,45946991,4546992], 94941470]
[[-21946364,19688,-17350135], 86418371]
[[-13937665,-31168868,31390460], 91077988]
[[103837922,7991813,14088212], 91297883]
[[1434729,-12283143,2353932], 55635961]
[[11915361,-10123258,-50371912], 95721398]
[[-76314804,10812749,14517995], 98126113]
[[-46906117,7635242,-12100173], 98512708]
[[-27649430,8145166,31891086], 65976292]
[[-11388508,-7038208,23105435], 56113056]
[[12659595,-1503781,7698395], 98446927]
[[-9901792,-31872578,1409509], 87506370]
[[11088730,57196292,19303314], 55871248]
[[-919692,18408972,-39737013], 82086612]
[[12360030,26145124,-60424483], 97230361]
[[-84513349,-48209063,-27537171], 74999196]
[[-59436276,10632419,21700936], 85085782]
[[15570526,43100865,-25720849], 76272039]
[[-26533698,-17351343,36856291], 95322597]
[[-22394196,-6784721,7111438], 69208975]
[[12569184,-19395235,-1300562], 55268549]
[[-10579858,-29257281,41067118], 95485201]
[[14897464,-47071418,-3231880], 82547343]
[[-13053810,6764528,-31776085], 85206945]
[[56508851,38026161,42843015], 90236644]
[[-28963347,-1345817,12283140], 65167572]
[[3577830,3989702,-11823000], 51397098]
[[-43978404,4365713,9035298], 77718989]
[[-29966898,3799684,-5638316], 78947054]
[[5912333,3096795,-20094994], 58227353]
[[-30103055,9485432,39957352], 75155912]
[[-44785168,-3836996,-713520], 96477176]
[[-2119472,53090334,10949424], 67281275]
[[-6700669,-29811746,3889267], 79764764]
[[-23175121,10722087,-5540552], 65135070]
[[-6960372,6442902,42213322], 57311692]
[[-8323920,4198793,40010205], 58716467]
[[75091511,-7215415,-1890757], 93737828]
[[22731998,9196654,3070747], 78214289]
[[26232111,-32825725,31004671], 67041833]
[[-33789992,49610918,11425733], 94995911]
[[60961699,-21248458,-89548], 91839573]
[[-4587431,40833214,-24610843], 93052241]
[[-8130724,-20063888,-2388703], 77724800]
[[29243344,5548473,75049675], 75724048]
[[70826400,4774746,12865009], 62726516]
[[-30264448,-2003627,-7773032], 87182598]
[[-28029301,-14071170,14726332], 74515849]
[[52061652,33325353,-15135134], 85941254]
[[-19043011,32472481,599869], 73936430]
[[-3942757,-15275473,5514838], 60844899]
[[8005211,8741044,14542125], 56374940]
[[-2439473,-15297731,-318696], 65197406]
[[545654,-3181994,44680780], 61898122]
[[86657641,10788831,18371343], 71219428]
[[6863130,-22102348,9651811], 52729291]
[[38477308,-21396106,-27254293], 96667707]
[[-24750134,26466758,53249150], 94926315]
[[54679977,21452125,-24894517], 86445827]
[[-3096560,-41714756,5772878], 86179939]
[[6754431,-17812558,-30959113], 89158835]
[[-42474411,4911493,-5982700], 90687117]
[[45953255,-16208553,-1109501], 72811236]
[[-13662183,8728239,1593285], 50482224]
[[-37119581,6295799,1237185], 76728210]
[[11433227,-15883918,70218056], 89249642]
[[43733447,9900748,49944301], 60756552]
[[10836244,-2723836,-33034527], 72063743]
[[77237697,7628829,14503685], 64645228]
[[-19329379,-31577265,13623196], 84424963]
[[17315919,83238424,4339833], 84603525]
[[15388277,75572565,1528420], 81676719]
[[-16528212,8186334,-223174], 55706544]
[[-68949548,8414889,14945054], 92731085]
[[-4124553,-13094420,-7687403], 72047947]
[[12176543,28869017,84040668], 91193303]
[[5338982,7801152,-34701351], 68702700]
[[-16083302,23629395,9120699], 53612889]
[[-27250393,-793992,-522927], 75709001]
[[-25783757,-202713,13436158], 59691799]
[[13160262,1676465,-36902795], 69207637]
[[-32270055,4548743,-12488906], 87351722]
[[-20253506,5687141,-16798965], 78506938]
[[26370288,-6088286,-19336184], 61334614]
[[-23941547,4276978,-25445691], 92251806]
[[77363562,23721806,26015350], 79959569]
[[89618846,200060,14179443], 84779536]
[[-28223028,46772991,1841904], 96174920]
[[3714097,245564,-50778160], 93960103]
[[-40959727,22866989,-10923117], 97770832]
[[-29131735,26828693,4732913], 74248284]
[[5979230,-3063797,-17690902], 61916974]
[[11907577,1808873,-47817626], 81242680]
[[-56510432,10831942,15036875], 77783149]
[[22127643,4347520,11024053], 86622203]
[[-34908635,-26535740,13819122], 94766804]
[[-51526567,8150096,14789462], 75728514]
[[-3180208,-36816587,40871475], 95449173]
[[-8037259,1787698,-7063710], 60454964]
[[-30233348,8873070,11103760], 57397997]
[[5195464,5324328,14550585], 57880478]
[[-17914846,6804571,-30823899], 89075653]
[[10678761,37901687,41983578], 59666680]
[[-18179902,-334322,12422739], 53233029]
[[70706406,-17980373,9646149], 88580502]
[[-6826937,4827095,13094185], 55667437]
[[76907967,-1534138,-461462], 88443815]
[[8174746,7894101,-59212341], 90284973]
[[-1187259,-3482540,-28662800], 80474078]
[[-39696174,-1639070,15268636], 73208482]
[[-14803445,-13985528,13619345], 62311574]
[[32526066,1476106,73633742], 81663047]
[[30947666,-6710933,-17332140], 64530629]
[[103345837,11002862,12304422], 89578567]
[[30027469,6814720,-23278325], 56031002]
[[5346185,25556344,-7576105], 50807124]
[[-23199214,-3551059,5698412], 68193343]
[[-32704331,-28264627,15018057], 93092390]
[[-13986362,15254279,-27273467], 79534845]
[[11227860,24977220,-36265676], 73035773]
[[8698598,-16485855,-20046092], 74974915]
[[13959300,-52705531,3813413], 82074324]
[[23838622,2298314,25540792], 72521365]
[[-23076028,7091015,5160317], 57966316]
[[-18467723,-31949239,28590643], 93588577]
[[-47739287,9924407,1163192], 83793483]
[[-25146769,10345485,8163655], 53779268]
[[-34117466,-11952289,11307364], 81904390]
[[-16414292,-4640107,30589724], 66225199]
[[5245668,34835279,-28055202], 80665573]
[[-7545597,-7531972,6282772], 55936276]
[[2846696,30517176,31703598], 49834394]
[[5075013,-5246212,-9229822], 56542513]
[[-5621589,-5819096,-26448259], 85030500]
[[-138238646,3991585,55347368], 98869694]
[[35920716,18414283,-14262714], 54016919]
[[-13609585,-19943880,-14116891], 94811883]
[[-39863948,952743,27460821], 80953073]
[[88702623,10072252,-1703776], 89874108]
[[16751693,-10678172,60929883], 69437489]
[[14080025,1355921,13730550], 97279012]
[[16288252,6930538,-26050324], 49973354]
[[11333115,-23254283,-6079522], 65142487]
[[11122248,9983542,12112849], 93956862]
[[-39612361,-2910660,14425007], 75239645]
[[-26575196,14667648,12808928], 51454747]
[[-49961767,8674631,29260614], 85128791]
[[10463502,6290585,-21217650], 51605083]
[[6567214,-14165489,-3671335], 58411381]
[[-45386950,20363644,5216291], 83555135]
[[-32415087,6839854,-2843614], 75560505]
[[11578023,-39029942,-12196853], 86790296]
[[-5385543,-33305318,9909232], 75923139]
[[17086797,-20457361,-12780570], 63292674]
[[-1397508,-32490638,-13986112], 95015754]
[[10924846,3982412,29066236], 67624264]
[[-22230441,2219774,647158], 66505302]
[[-36974787,-828438,-9329076], 94273781]
[[-1852827,-33444551,-4940536], 87379393]
[[-42567375,24310518,7146649], 82752087]
[[7928250,-14612987,-8245176], 62071634]
[[-47070195,6982053,27159690], 81828833]
[[8821017,-19651845,-7719523], 65692189]
[[-23352384,5533941,-340475], 65300398]
[[8327905,5598676,-29766992], 62981892]
[[-28973860,9789335,10408409], 55917806]
[[-10316012,-21836100,6685096], 72608629]
[[42397572,-5079145,-28610813], 85627386]
[[31226468,-32823708,14558908], 59031145]
[[-18314001,-2246551,5837181], 61864852]
[[-53525858,9526429,3443257], 87698098]
[[30528245,-49702754,13721940], 76048916]
[[-19736664,18844445,-8158326], 69760278]
[[13529082,3231170,-33805742], 64186988]
[[16621890,-27814060,-12345309], 70678965]
[[8955261,-50164635,10177501], 78173360]
[[-32460792,1819575,25846932], 71069206]
[[22874768,9575650,-1982115], 89900194]
[[-38401945,24345370,19862270], 73069833]
[[-225692,10995683,81144594], 84955516]
[[47470501,-19283800,40439614], 84173349]
[[-10385443,6505380,-4199255], 55221026]
[[-1289336,-18702404,13407218], 53726152]
[[1296718,-46224796,13503691], 78565957]
[[-29238886,4916888,27351661], 66254665]
[[-2944784,-19070891,-3290292], 72447456]
[[-583528,9199345,2993797], 72683789]
[[74120107,9300424,6927674], 67431890]
[[31543958,15343187,14350455], 81472360]
[[3110663,-14627390,-33411267], 92069506]
[[9124466,34451778,-25885167], 74233211]
[[48169698,30411814,11433991], 52566735]
[[46692593,23998687,-5162390], 61272822]
[[-60340995,7739246,14462832], 85280575]
[[-51308598,9325055,12055521], 77069501]
[[12907824,-3783183,-50064670], 88081531]
[[-23808205,-2452818,-21486022], 94889213]
[[-54136215,10379703,9899826], 80998256]
[[-37987615,9431088,-7920329], 83618352]
[[-19888650,29818492,-22520579], 95248622]
[[-15354547,8039488,72579464], 94475423]
[[21780326,-4823359,-45543797], 81687365]
[[6338810,-29842604,4934941], 65710358]
[[-54907654,1023859,4463145], 96562139]
[[24544036,-2666433,50370267], 54560009]
[[-21429599,-7445397,9457831], 66558682]
[[12963053,-40919335,-13986016], 89083824]
[[-42996515,-6916287,3141772], 93912688]
[[-51604654,9313139,122879], 89310126]
[[47932279,-9677118,8086403], 59062861]
[[-32813495,-7384403,-936424], 88275855]
[[9199317,17128945,63301104], 61690959]
[[-26973807,-8825966,34430551], 84811414]
[[-14299460,-3566532,13126965], 51880576]
[[-14118045,8764038,-30147441], 82642991]
[[6876016,-30887838,9589489], 61564201]
[[-32594276,24619681,11284319], 68950420]
[[-1876315,-1295875,-4081699], 54395369]
[[49693909,-4088202,11218925], 52103052]
[[-3574179,38497093,-1340450], 66432452]
[[9980056,-67884002,19187859], 91672709]
[[-15570716,-15199971,3359065], 74553250]
[[-14656849,-2884478,5120393], 59562415]
[[-22076469,8731885,5423161], 55062915]
[[-18339751,-12041401,19094544], 64056605]
[[63152462,2913897,10276891], 59501559]
[[-6089376,-39915320,13511114], 79635237]
[[10030697,-26159308,-13442842], 76712963]
[[11666876,5679048,-33749724], 63545362]
[[-45600864,19592575,11791461], 76422729]
[[-24596157,2538618,41005873], 77644321]
[[-40715491,6960376,12896045], 68000583]
[[-47622017,6162204,8536978], 80064375]
[[-2140200,-170340,-36892964], 86345261]
[[-1390396,-29215167,46072116], 91258661]
[[-17809749,-12479651,-10074212], 87505173]
[[-14891959,29337985,21595959], 56286048]
[[-31593184,7121384,9013665], 62600399]
[[-24295650,-39843497,14426482], 96854145]
[[-29116629,-19031366,9214720], 86074832]
[[2304678,-48312249,12781580], 80367502]
[[-40421968,7591605,12158559], 67813356]
[[7222035,9756986,33662127], 73752826]
[[12995187,3345994,12204236], 56019006]
[[-10004332,39680931,-1357257], 74063266]
[[-31734056,146777,2906231], 75822777]
[[9931265,10357471,-51020247], 77873182]
[[-4282400,-17209619,26031573], 62104530]
[[-25306493,3900432,4913920], 63633692]
[[-24223996,-9883297,13897888], 67350895]
[[-20216840,35663545,-10124379], 89025512]
[[-19961005,20713961,11278319], 52417557]
[[-1787293,10946611,-32306419], 70288606]
[[38656816,23646701,-36928072], 84650725]
[[51058949,753099,6766078], 53079637]
[[-40510664,-1092621,28464948], 84649244]
[[2713841,-38865794,15007772], 68285684]
[[-46662762,5923199,7111848], 80769345]
[[-23168015,25071611,9772140], 61488240]
[[-11522084,-12711000,12589629], 58784968]
[[15369432,36397832,-25466824], 69515967]
[[8504603,25251539,-29931794], 69699534]
[[39132448,71648374,6237803], 89962477]
[[-47573238,-707379,14993436], 80428679]
[[-63573803,7264334,11211189], 92239833]
[[-1563959,-36745355,5771461], 79679727]
[[-56471483,6878016,20360617], 84535034]
[[17420747,-7228303,-25912665], 62861729]
]